
0,0,0
1,5,0
2,0,0
3,0,0
4,0,0
5,6,0
6,7,0
7,0,0
8,10,0
9,0,0
0,0,1
1,3,1
2,3,1
3,0,1
4,0,1
5,8,1
6,1,1
7,0,1
8,4,1
9,0,1
0,0,2
1,9,2
2,1,2
3,0,2
4,0,2
5,1,2
6,5,2
7,0,2
8,4,2
9,0,2
0,0,3
1,6,3
2,2,3
3,0,3
4,0,3
5,6,3
6,4,3
7,0,3
8,8,3
9,0,3
0,0,4
1,10,4
2,10,4
3,0,4
4,0,4
5,9,4
6,9,4
7,0,4
8,2,4
9,0,4
0,0,5
1,1,5
2,6,5
3,0,5
4,0,5
5,4,5
6,4,5
7,0,5
8,5,5
9,0,5
0,0,6
1,0,6
2,0,6
3,0,6
4,0,6
5,9,6
6,2,6
7,0,6
8,2,6
9,0,6
0,0,7
1,5,7
2,1,7
3,0,7
4,0,7
5,5,7
6,4,7
7,0,7
8,2,7
9,0,7
0,0,8
1,4,8
2,0,8
3,0,8
4,0,8
5,0,8
6,0,8
7,0,8
8,7,8
9,0,8
0,0,9
1,9,9
2,10,9
3,0,9
4,0,9
5,10,9
6,8,9
7,0,9
8,10,9
9,0,9
0,0,10
1,2,10
2,2,10
3,0,10
4,0,10
5,1,10
6,9,10
7,0,10
8,3,10
9,0,10
0,0,11
1,7,11
2,8,11
3,0,11
4,0,11
5,3,11
6,2,11
7,0,11
8,3,11
9,0,11
0,0,12
1,3,12
2,3,12
3,0,12
4,0,12
5,8,12
6,4,12
7,0,12
8,3,12
9,0,12
0,0,13
1,9,13
2,9,13
3,0,13
4,0,13
5,1,13
6,4,13
7,0,13
8,2,13
9,0,13
0,0,14
1,10,14
2,3,14
3,0,14
4,0,14
5,4,14
6,6,14
7,0,14
8,2,14
9,0,14
0,0,15
1,9,15
2,10,15
3,0,15
4,0,15
5,10,15
6,9,15
7,0,15
8,4,15
9,0,15
0,0,16
1,3,16
2,6,16
3,0,16
4,0,16
5,2,16
6,6,16
7,0,16
8,5,16
9,0,16
0,0,17
1,9,17
2,0,17
3,0,17
4,0,17
5,2,17
6,2,17
7,0,17
8,3,17
9,0,17
0,0,18
1,2,18
2,8,18
3,0,18
4,0,18
5,0,18
6,9,18
7,0,18
8,7,18
9,0,18
0,0,19
1,4,19
2,0,19
3,0,19
4,0,19
5,7,19
6,10,19
7,0,19
8,9,19
9,0,19
0,0,20
1,8,20
2,2,20
3,0,20
4,0,20
5,4,20
6,2,20
7,0,20
8,10,20
9,0,20
0,0,21
1,7,21
2,0,21
3,0,21
4,0,21
5,5,21
6,0,21
7,0,21
8,0,21
9,0,21
0,0,22
1,2,22
2,9,22
3,0,22
4,0,22
5,2,22
6,8,22
7,0,22
8,5,22
9,0,22
0,0,23
1,8,23
2,3,23
3,0,23
4,0,23
5,10,23
6,3,23
7,0,23
8,8,23
9,0,23
0,0,24
1,5,24
2,7,24
3,0,24
4,0,24
5,1,24
6,6,24
7,0,24
8,2,24
9,0,24
0,0,25
1,9,25
2,10,25
3,0,25
4,0,25
5,4,25
6,3,25
7,0,25
8,8,25
9,0,25
0,0,26
1,7,26
2,4,26
3,0,26
4,0,26
5,1,26
6,3,26
7,0,26
8,0,26
9,0,26
0,0,27
1,6,27
2,3,27
3,0,27
4,0,27
5,9,27
6,9,27
7,0,27
8,8,27
9,0,27
0,0,28
1,10,28
2,8,28
3,0,28
4,0,28
5,0,28
6,4,28
7,0,28
8,7,28
9,0,28
0,0,29
1,4,29
2,7,29
3,0,29
4,0,29
5,8,29
6,8,29
7,0,29
8,3,29
9,0,29
0,0,30
1,6,30
2,10,30
3,0,30
4,0,30
5,9,30
6,1,30
7,0,30
8,1,30
9,0,30
0,0,31
1,7,31
2,4,31
3,0,31
4,0,31
5,6,31
6,1,31
7,0,31
8,4,31
9,0,31
0,0,32
1,4,32
2,2,32
3,0,32
4,0,32
5,4,32
6,0,32
7,0,32
8,7,32
9,0,32
0,0,33
1,0,33
2,1,33
3,0,33
4,0,33
5,0,33
6,10,33
7,0,33
8,8,33
9,0,33
0,0,34
1,7,34
2,3,34
3,0,34
4,0,34
5,3,34
6,1,34
7,0,34
8,0,34
9,0,34
0,0,35
1,9,35
2,5,35
3,0,35
4,0,35
5,8,35
6,0,35
7,0,35
8,9,35
9,0,35
0,0,36
1,7,36
2,10,36
3,0,36
4,0,36
5,3,36
6,7,36
7,0,36
8,0,36
9,0,36
0,0,37
1,0,37
2,3,37
3,0,37
4,0,37
5,10,37
6,3,37
7,0,37
8,8,37
9,0,37
0,0,38
1,10,38
2,4,38
3,0,38
4,0,38
5,2,38
6,2,38
7,0,38
8,3,38
9,0,38
0,0,39
1,3,39
2,9,39
3,0,39
4,0,39
5,8,39
6,8,39
7,0,39
8,4,39
9,0,39
0,0,40
1,10,40
2,10,40
3,0,40
4,0,40
5,9,40
6,2,40
7,0,40
8,6,40
9,0,40
0,0,41
1,3,41
2,4,41
3,0,41
4,0,41
5,0,41
6,4,41
7,0,41
8,7,41
9,0,41
0,0,42
1,10,42
2,1,42
3,0,42
4,0,42
5,4,42
6,6,42
7,0,42
8,0,42
9,0,42
0,0,43
1,6,43
2,4,43
3,0,43
4,0,43
5,10,43
6,8,43
7,0,43
8,2,43
9,0,43
0,0,44
1,9,44
2,3,44
3,0,44
4,0,44
5,9,44
6,0,44
7,0,44
8,4,44
9,0,44
0,0,45
1,3,45
2,3,45
3,0,45
4,0,45
5,0,45
6,5,45
7,0,45
8,5,45
9,0,45
0,0,46
1,4,46
2,7,46
3,0,46
4,0,46
5,0,46
6,10,46
7,0,46
8,2,46
9,0,46
0,0,47
1,0,47
2,3,47
3,0,47
4,0,47
5,0,47
6,4,47
7,0,47
8,1,47
9,0,47
0,0,48
1,10,48
2,5,48
3,0,48
4,0,48
5,3,48
6,5,48
7,0,48
8,8,48
9,0,48
0,0,49
1,6,49
2,7,49
3,0,49
4,0,49
5,6,49
6,8,49
7,0,49
8,9,49
9,0,49
0,0,50
1,4,50
2,7,50
3,0,50
4,0,50
5,2,50
6,7,50
7,0,50
8,10,50
9,0,50
0,0,51
1,1,51
2,0,51
3,0,51
4,0,51
5,10,51
6,7,51
7,0,51
8,7,51
9,0,51
0,0,52
1,9,52
2,0,52
3,0,52
4,0,52
5,9,52
6,6,52
7,0,52
8,2,52
9,0,52
0,0,53
1,6,53
2,10,53
3,0,53
4,0,53
5,2,53
6,0,53
7,0,53
8,8,53
9,0,53
0,0,54
1,10,54
2,5,54
3,0,54
4,0,54
5,7,54
6,7,54
7,0,54
8,8,54
9,0,54
0,0,55
1,1,55
2,9,55
3,0,55
4,0,55
5,1,55
6,8,55
7,0,55
8,0,55
9,0,55
0,0,56
1,6,56
2,4,56
3,0,56
4,0,56
5,9,56
6,5,56
7,0,56
8,10,56
9,0,56
0,0,57
1,10,57
2,7,57
3,0,57
4,0,57
5,7,57
6,2,57
7,0,57
8,7,57
9,0,57
0,0,58
1,4,58
2,8,58
3,0,58
4,0,58
5,2,58
6,10,58
7,0,58
8,9,58
9,0,58
0,0,59
1,3,59
2,2,59
3,0,59
4,0,59
5,1,59
6,8,59
7,0,59
8,1,59
9,0,59
0,0,60
1,4,60
2,9,60
3,0,60
4,0,60
5,3,60
6,1,60
7,0,60
8,3,60
9,0,60
0,0,61
1,5,61
2,3,61
3,0,61
4,0,61
5,10,61
6,6,61
7,0,61
8,6,61
9,0,61
0,0,62
1,5,62
2,0,62
3,0,62
4,0,62
5,5,62
6,5,62
7,0,62
8,3,62
9,0,62
0,0,63
1,8,63
2,4,63
3,0,63
4,0,63
5,7,63
6,1,63
7,0,63
8,7,63
9,0,63
0,0,64
1,1,64
2,5,64
3,0,64
4,0,64
5,0,64
6,9,64
7,0,64
8,2,64
9,0,64
0,0,65
1,2,65
2,8,65
3,0,65
4,0,65
5,1,65
6,10,65
7,0,65
8,1,65
9,0,65
0,0,66
1,1,66
2,6,66
3,0,66
4,0,66
5,8,66
6,9,66
7,0,66
8,0,66
9,0,66
0,0,67
1,2,67
2,5,67
3,0,67
4,0,67
5,6,67
6,6,67
7,0,67
8,7,67
9,0,67
0,0,68
1,8,68
2,0,68
3,0,68
4,0,68
5,10,68
6,0,68
7,0,68
8,8,68
9,0,68
0,0,69
1,8,69
2,3,69
3,0,69
4,0,69
5,9,69
6,9,69
7,0,69
8,10,69
9,0,69
0,0,70
1,0,70
2,1,70
3,0,70
4,0,70
5,9,70
6,0,70
7,0,70
8,7,70
9,0,70
0,0,71
1,3,71
2,9,71
3,0,71
4,0,71
5,9,71
6,5,71
7,0,71
8,8,71
9,0,71
0,0,72
1,4,72
2,10,72
3,0,72
4,0,72
5,5,72
6,6,72
7,0,72
8,10,72
9,0,72
0,0,73
1,4,73
2,6,73
3,0,73
4,0,73
5,3,73
6,5,73
7,0,73
8,1,73
9,0,73
0,0,74
1,8,74
2,8,74
3,0,74
4,0,74
5,0,74
6,5,74
7,0,74
8,7,74
9,0,74
0,0,75
1,4,75
2,6,75
3,0,75
4,0,75
5,10,75
6,0,75
7,0,75
8,5,75
9,0,75
0,0,76
1,3,76
2,1,76
3,0,76
4,0,76
5,0,76
6,5,76
7,0,76
8,1,76
9,0,76
0,0,77
1,6,77
2,6,77
3,0,77
4,0,77
5,5,77
6,10,77
7,0,77
8,2,77
9,0,77
0,0,78
1,0,78
2,9,78
3,0,78
4,0,78
5,8,78
6,9,78
7,0,78
8,9,78
9,0,78
0,0,79
1,0,79
2,8,79
3,0,79
4,0,79
5,3,79
6,10,79
7,0,79
8,0,79
9,0,79
0,0,80
1,10,80
2,7,80
3,0,80
4,0,80
5,5,80
6,5,80
7,0,80
8,9,80
9,0,80
0,0,81
1,4,81
2,9,81
3,0,81
4,0,81
5,1,81
6,2,81
7,0,81
8,2,81
9,0,81
0,0,82
1,4,82
2,2,82
3,0,82
4,0,82
5,4,82
6,4,82
7,0,82
8,4,82
9,0,82
0,0,83
1,1,83
2,4,83
3,0,83
4,0,83
5,3,83
6,8,83
7,0,83
8,9,83
9,0,83
0,0,84
1,2,84
2,1,84
3,0,84
4,0,84
5,5,84
6,0,84
7,0,84
8,5,84
9,0,84
0,0,85
1,7,85
2,4,85
3,0,85
4,0,85
5,7,85
6,5,85
7,0,85
8,7,85
9,0,85
0,0,86
1,9,86
2,4,86
3,0,86
4,0,86
5,4,86
6,2,86
7,0,86
8,10,86
9,0,86
0,0,87
1,2,87
2,10,87
3,0,87
4,0,87
5,10,87
6,5,87
7,0,87
8,1,87
9,0,87
0,0,88
1,3,88
2,2,88
3,0,88
4,0,88
5,9,88
6,9,88
7,0,88
8,8,88
9,0,88
0,0,89
1,4,89
2,7,89
3,0,89
4,0,89
5,4,89
6,9,89
7,0,89
8,4,89
9,0,89
0,0,90
1,2,90
2,2,90
3,0,90
4,0,90
5,6,90
6,3,90
7,0,90
8,3,90
9,0,90
0,0,91
1,5,91
2,9,91
3,0,91
4,0,91
5,5,91
6,2,91
7,0,91
8,4,91
9,0,91
0,0,92
1,4,92
2,7,92
3,0,92
4,0,92
5,0,92
6,4,92
7,0,92
8,6,92
9,0,92
0,0,93
1,9,93
2,10,93
3,0,93
4,0,93
5,6,93
6,7,93
7,0,93
8,1,93
9,0,93
0,0,94
1,3,94
2,9,94
3,0,94
4,0,94
5,9,94
6,6,94
7,0,94
8,10,94
9,0,94
0,0,95
1,8,95
2,7,95
3,0,95
4,0,95
5,5,95
6,7,95
7,0,95
8,8,95
9,0,95
0,0,96
1,2,96
2,0,96
3,0,96
4,0,96
5,0,96
6,6,96
7,0,96
8,4,96
9,0,96
0,0,97
1,10,97
2,3,97
3,0,97
4,0,97
5,10,97
6,7,97
7,0,97
8,4,97
9,0,97
0,0,98
1,2,98
2,6,98
3,0,98
4,0,98
5,10,98
6,10,98
7,0,98
8,10,98
9,0,98
0,0,99
1,6,99
2,2,99
3,0,99
4,0,99
5,2,99
6,8,99
7,0,99
8,1,99
9,0,99
0,0,100
1,0,100
2,8,100
3,0,100
4,0,100
5,2,100
6,0,100
7,0,100
8,2,100
9,0,100
0,0,101
1,7,101
2,5,101
3,0,101
4,0,101
5,9,101
6,2,101
7,0,101
8,9,101
9,0,101
0,0,102
1,0,102
2,4,102
3,0,102
4,0,102
5,1,102
6,1,102
7,0,102
8,8,102
9,0,102
0,0,103
1,7,103
2,8,103
3,0,103
4,0,103
5,8,103
6,10,103
7,0,103
8,4,103
9,0,103
0,0,104
1,0,104
2,9,104
3,0,104
4,0,104
5,8,104
6,4,104
7,0,104
8,8,104
9,0,104
0,0,105
1,1,105
2,5,105
3,0,105
4,0,105
5,9,105
6,4,105
7,0,105
8,4,105
9,0,105
0,0,106
1,1,106
2,9,106
3,0,106
4,0,106
5,3,106
6,10,106
7,0,106
8,3,106
9,0,106
0,0,107
1,10,107
2,2,107
3,0,107
4,0,107
5,3,107
6,4,107
7,0,107
8,0,107
9,0,107
0,0,108
1,4,108
2,2,108
3,0,108
4,0,108
5,7,108
6,1,108
7,0,108
8,1,108
9,0,108
0,0,109
1,5,109
2,9,109
3,0,109
4,0,109
5,1,109
6,7,109
7,0,109
8,6,109
9,0,109
0,0,110
1,5,110
2,1,110
3,0,110
4,0,110
5,0,110
6,6,110
7,0,110
8,0,110
9,0,110
0,0,111
1,9,111
2,9,111
3,0,111
4,0,111
5,1,111
6,1,111
7,0,111
8,3,111
9,0,111
0,0,112
1,1,112
2,0,112
3,0,112
4,0,112
5,0,112
6,3,112
7,0,112
8,9,112
9,0,112
0,0,113
1,4,113
2,2,113
3,0,113
4,0,113
5,9,113
6,2,113
7,0,113
8,2,113
9,0,113
0,0,114
1,1,114
2,8,114
3,0,114
4,0,114
5,7,114
6,0,114
7,0,114
8,8,114
9,0,114
0,0,115
1,8,115
2,0,115
3,0,115
4,0,115
5,1,115
6,1,115
7,0,115
8,6,115
9,0,115
0,0,116
1,6,116
2,1,116
3,0,116
4,0,116
5,1,116
6,1,116
7,0,116
8,9,116
9,0,116
0,0,117
1,2,117
2,7,117
3,0,117
4,0,117
5,6,117
6,7,117
7,0,117
8,3,117
9,0,117
0,0,118
1,6,118
2,5,118
3,0,118
4,0,118
5,9,118
6,10,118
7,0,118
8,6,118
9,0,118
0,0,119
1,7,119
2,8,119
3,0,119
4,0,119
5,6,119
6,0,119
7,0,119
8,6,119
9,0,119
0,0,120
1,2,120
2,1,120
3,0,120
4,0,120
5,10,120
6,1,120
7,0,120
8,0,120
9,0,120
0,0,121
1,0,121
2,3,121
3,0,121
4,0,121
5,9,121
6,7,121
7,0,121
8,7,121
9,0,121
0,0,122
1,4,122
2,1,122
3,0,122
4,0,122
5,3,122
6,6,122
7,0,122
8,2,122
9,0,122
0,0,123
1,9,123
2,10,123
3,0,123
4,0,123
5,8,123
6,9,123
7,0,123
8,4,123
9,0,123
0,0,124
1,6,124
2,1,124
3,0,124
4,0,124
5,10,124
6,2,124
7,0,124
8,1,124
9,0,124
0,0,125
1,4,125
2,1,125
3,0,125
4,0,125
5,5,125
6,2,125
7,0,125
8,1,125
9,0,125
0,0,126
1,9,126
2,0,126
3,0,126
4,0,126
5,3,126
6,3,126
7,0,126
8,1,126
9,0,126
0,0,127
1,0,127
2,5,127
3,0,127
4,0,127
5,0,127
6,6,127
7,0,127
8,5,127
9,0,127
0,0,128
1,5,128
2,6,128
3,0,128
4,0,128
5,7,128
6,3,128
7,0,128
8,2,128
9,0,128
0,0,129
1,0,129
2,0,129
3,0,129
4,0,129
5,2,129
6,10,129
7,0,129
8,5,129
9,0,129
0,0,130
1,6,130
2,1,130
3,0,130
4,0,130
5,0,130
6,7,130
7,0,130
8,1,130
9,0,130
0,0,131
1,8,131
2,8,131
3,0,131
4,0,131
5,1,131
6,7,131
7,0,131
8,8,131
9,0,131
0,0,132
1,0,132
2,3,132
3,0,132
4,0,132
5,2,132
6,6,132
7,0,132
8,7,132
9,0,132
0,0,133
1,9,133
2,10,133
3,0,133
4,0,133
5,9,133
6,0,133
7,0,133
8,4,133
9,0,133
0,0,134
1,0,134
2,1,134
3,0,134
4,0,134
5,4,134
6,9,134
7,0,134
8,7,134
9,0,134
0,0,135
1,6,135
2,9,135
3,0,135
4,0,135
5,9,135
6,5,135
7,0,135
8,1,135
9,0,135
0,0,136
1,1,136
2,3,136
3,0,136
4,0,136
5,9,136
6,7,136
7,0,136
8,7,136
9,0,136
0,0,137
1,4,137
2,9,137
3,0,137
4,0,137
5,6,137
6,5,137
7,0,137
8,9,137
9,0,137
0,0,138
1,6,138
2,0,138
3,0,138
4,0,138
5,4,138
6,3,138
7,0,138
8,10,138
9,0,138
0,0,139
1,3,139
2,9,139
3,0,139
4,0,139
5,8,139
6,5,139
7,0,139
8,1,139
9,0,139
0,0,140
1,6,140
2,5,140
3,0,140
4,0,140
5,1,140
6,0,140
7,0,140
8,6,140
9,0,140
0,0,141
1,1,141
2,7,141
3,0,141
4,0,141
5,2,141
6,3,141
7,0,141
8,1,141
9,0,141
0,0,142
1,1,142
2,4,142
3,0,142
4,0,142
5,8,142
6,5,142
7,0,142
8,5,142
9,0,142
0,0,143
1,4,143
2,4,143
3,0,143
4,0,143
5,1,143
6,2,143
7,0,143
8,3,143
9,0,143
0,0,144
1,2,144
2,9,144
3,0,144
4,0,144
5,7,144
6,7,144
7,0,144
8,1,144
9,0,144
0,0,145
1,7,145
2,2,145
3,0,145
4,0,145
5,10,145
6,7,145
7,0,145
8,5,145
9,0,145
0,0,146
1,5,146
2,1,146
3,0,146
4,0,146
5,1,146
6,4,146
7,0,146
8,0,146
9,0,146
0,0,147
1,4,147
2,4,147
3,0,147
4,0,147
5,0,147
6,1,147
7,0,147
8,10,147
9,0,147
0,0,148
1,3,148
2,0,148
3,0,148
4,0,148
5,4,148
6,3,148
7,0,148
8,4,148
9,0,148
0,0,149
1,0,149
2,6,149
3,0,149
4,0,149
5,10,149
6,7,149
7,0,149
8,10,149
9,0,149
0,0,150
1,6,150
2,1,150
3,0,150
4,0,150
5,7,150
6,7,150
7,0,150
8,8,150
9,0,150
0,0,151
1,2,151
2,9,151
3,0,151
4,0,151
5,10,151
6,5,151
7,0,151
8,7,151
9,0,151
0,0,152
1,9,152
2,10,152
3,0,152
4,0,152
5,7,152
6,1,152
7,0,152
8,4,152
9,0,152
0,0,153
1,0,153
2,10,153
3,0,153
4,0,153
5,9,153
6,7,153
7,0,153
8,5,153
9,0,153
0,0,154
1,7,154
2,4,154
3,0,154
4,0,154
5,10,154
6,0,154
7,0,154
8,2,154
9,0,154
0,0,155
1,9,155
2,4,155
3,0,155
4,0,155
5,5,155
6,2,155
7,0,155
8,5,155
9,0,155
0,0,156
1,8,156
2,2,156
3,0,156
4,0,156
5,9,156
6,1,156
7,0,156
8,10,156
9,0,156
0,0,157
1,6,157
2,1,157
3,0,157
4,0,157
5,6,157
6,7,157
7,0,157
8,7,157
9,0,157
0,0,158
1,10,158
2,0,158
3,0,158
4,0,158
5,3,158
6,2,158
7,0,158
8,5,158
9,0,158
0,0,159
1,0,159
2,1,159
3,0,159
4,0,159
5,5,159
6,4,159
7,0,159
8,1,159
9,0,159
0,0,160
1,9,160
2,1,160
3,0,160
4,0,160
5,8,160
6,6,160
7,0,160
8,0,160
9,0,160
0,0,161
1,1,161
2,2,161
3,0,161
4,0,161
5,7,161
6,4,161
7,0,161
8,0,161
9,0,161
0,0,162
1,4,162
2,5,162
3,0,162
4,0,162
5,9,162
6,4,162
7,0,162
8,4,162
9,0,162
0,0,163
1,3,163
2,6,163
3,0,163
4,0,163
5,2,163
6,4,163
7,0,163
8,0,163
9,0,163
0,0,164
1,3,164
2,8,164
3,0,164
4,0,164
5,2,164
6,4,164
7,0,164
8,9,164
9,0,164
0,0,165
1,2,165
2,5,165
3,0,165
4,0,165
5,5,165
6,3,165
7,0,165
8,8,165
9,0,165
0,0,166
1,4,166
2,9,166
3,0,166
4,0,166
5,0,166
6,0,166
7,0,166
8,1,166
9,0,166
0,0,167
1,3,167
2,7,167
3,0,167
4,0,167
5,6,167
6,6,167
7,0,167
8,9,167
9,0,167
0,0,168
1,0,168
2,1,168
3,0,168
4,0,168
5,1,168
6,5,168
7,0,168
8,8,168
9,0,168
0,0,169
1,4,169
2,5,169
3,0,169
4,0,169
5,0,169
6,4,169
7,0,169
8,8,169
9,0,169
0,0,170
1,5,170
2,3,170
3,0,170
4,0,170
5,9,170
6,3,170
7,0,170
8,1,170
9,0,170
0,0,171
1,4,171
2,1,171
3,0,171
4,0,171
5,1,171
6,8,171
7,0,171
8,9,171
9,0,171
0,0,172
1,6,172
2,1,172
3,0,172
4,0,172
5,3,172
6,2,172
7,0,172
8,2,172
9,0,172
0,0,173
1,4,173
2,5,173
3,0,173
4,0,173
5,8,173
6,7,173
7,0,173
8,1,173
9,0,173
0,0,174
1,3,174
2,4,174
3,0,174
4,0,174
5,8,174
6,1,174
7,0,174
8,8,174
9,0,174
0,0,175
1,4,175
2,8,175
3,0,175
4,0,175
5,10,175
6,4,175
7,0,175
8,10,175
9,0,175
0,0,176
1,2,176
2,6,176
3,0,176
4,0,176
5,6,176
6,9,176
7,0,176
8,1,176
9,0,176
0,0,177
1,3,177
2,8,177
3,0,177
4,0,177
5,8,177
6,3,177
7,0,177
8,7,177
9,0,177
0,0,178
1,6,178
2,10,178
3,0,178
4,0,178
5,5,178
6,1,178
7,0,178
8,3,178
9,0,178
0,0,179
1,6,179
2,8,179
3,0,179
4,0,179
5,10,179
6,8,179
7,0,179
8,3,179
9,0,179
0,0,180
1,10,180
2,9,180
3,0,180
4,0,180
5,8,180
6,1,180
7,0,180
8,4,180
9,0,180
0,0,181
1,3,181
2,4,181
3,0,181
4,0,181
5,3,181
6,10,181
7,0,181
8,10,181
9,0,181
0,0,182
1,0,182
2,7,182
3,0,182
4,0,182
5,2,182
6,5,182
7,0,182
8,0,182
9,0,182
0,0,183
1,4,183
2,1,183
3,0,183
4,0,183
5,3,183
6,3,183
7,0,183
8,8,183
9,0,183
0,0,184
1,10,184
2,2,184
3,0,184
4,0,184
5,6,184
6,0,184
7,0,184
8,8,184
9,0,184
0,0,185
1,5,185
2,8,185
3,0,185
4,0,185
5,2,185
6,9,185
7,0,185
8,5,185
9,0,185
0,0,186
1,4,186
2,10,186
3,0,186
4,0,186
5,4,186
6,1,186
7,0,186
8,1,186
9,0,186
0,0,187
1,0,187
2,3,187
3,0,187
4,0,187
5,0,187
6,0,187
7,0,187
8,10,187
9,0,187
0,0,188
1,7,188
2,2,188
3,0,188
4,0,188
5,5,188
6,6,188
7,0,188
8,3,188
9,0,188
0,0,189
1,10,189
2,8,189
3,0,189
4,0,189
5,0,189
6,0,189
7,0,189
8,4,189
9,0,189
0,0,190
1,0,190
2,8,190
3,0,190
4,0,190
5,2,190
6,2,190
7,0,190
8,2,190
9,0,190
0,0,191
1,2,191
2,3,191
3,0,191
4,0,191
5,1,191
6,8,191
7,0,191
8,8,191
9,0,191
0,0,192
1,10,192
2,6,192
3,0,192
4,0,192
5,3,192
6,6,192
7,0,192
8,4,192
9,0,192
0,0,193
1,7,193
2,7,193
3,0,193
4,0,193
5,6,193
6,6,193
7,0,193
8,7,193
9,0,193
0,0,194
1,9,194
2,6,194
3,0,194
4,0,194
5,0,194
6,5,194
7,0,194
8,5,194
9,0,194
0,0,195
1,8,195
2,8,195
3,0,195
4,0,195
5,7,195
6,10,195
7,0,195
8,7,195
9,0,195
0,0,196
1,7,196
2,9,196
3,0,196
4,0,196
5,10,196
6,7,196
7,0,196
8,1,196
9,0,196
0,0,197
1,7,197
2,2,197
3,0,197
4,0,197
5,8,197
6,0,197
7,0,197
8,6,197
9,0,197
0,0,198
1,9,198
2,4,198
3,0,198
4,0,198
5,1,198
6,2,198
7,0,198
8,0,198
9,0,198
0,0,199
1,7,199
2,8,199
3,0,199
4,0,199
5,6,199
6,2,199
7,0,199
8,7,199
9,0,199
0,0,200
1,9,200
2,0,200
3,0,200
4,0,200
5,8,200
6,4,200
7,0,200
8,5,200
9,0,200
0,0,201
1,5,201
2,3,201
3,0,201
4,0,201
5,10,201
6,5,201
7,0,201
8,7,201
9,0,201
0,0,202
1,2,202
2,0,202
3,0,202
4,0,202
5,3,202
6,8,202
7,0,202
8,10,202
9,0,202
0,0,203
1,9,203
2,3,203
3,0,203
4,0,203
5,0,203
6,6,203
7,0,203
8,5,203
9,0,203
0,0,204
1,6,204
2,3,204
3,0,204
4,0,204
5,2,204
6,6,204
7,0,204
8,10,204
9,0,204
0,0,205
1,2,205
2,0,205
3,0,205
4,0,205
5,10,205
6,6,205
7,0,205
8,9,205
9,0,205
0,0,206
1,5,206
2,2,206
3,0,206
4,0,206
5,0,206
6,5,206
7,0,206
8,6,206
9,0,206
0,0,207
1,1,207
2,2,207
3,0,207
4,0,207
5,9,207
6,1,207
7,0,207
8,4,207
9,0,207
0,0,208
1,5,208
2,6,208
3,0,208
4,0,208
5,0,208
6,7,208
7,0,208
8,5,208
9,0,208
0,0,209
1,4,209
2,1,209
3,0,209
4,0,209
5,10,209
6,6,209
7,0,209
8,0,209
9,0,209
0,0,210
1,2,210
2,0,210
3,0,210
4,0,210
5,2,210
6,9,210
7,0,210
8,0,210
9,0,210
0,0,211
1,1,211
2,10,211
3,0,211
4,0,211
5,4,211
6,10,211
7,0,211
8,0,211
9,0,211
0,0,212
1,5,212
2,1,212
3,0,212
4,0,212
5,3,212
6,1,212
7,0,212
8,6,212
9,0,212
0,0,213
1,3,213
2,6,213
3,0,213
4,0,213
5,1,213
6,9,213
7,0,213
8,5,213
9,0,213
0,0,214
1,5,214
2,1,214
3,0,214
4,0,214
5,3,214
6,9,214
7,0,214
8,9,214
9,0,214
0,0,215
1,0,215
2,8,215
3,0,215
4,0,215
5,4,215
6,6,215
7,0,215
8,6,215
9,0,215
0,0,216
1,5,216
2,3,216
3,0,216
4,0,216
5,1,216
6,4,216
7,0,216
8,3,216
9,0,216
0,0,217
1,5,217
2,9,217
3,0,217
4,0,217
5,0,217
6,10,217
7,0,217
8,7,217
9,0,217
0,0,218
1,10,218
2,9,218
3,0,218
4,0,218
5,8,218
6,6,218
7,0,218
8,7,218
9,0,218
0,0,219
1,5,219
2,10,219
3,0,219
4,0,219
5,5,219
6,3,219
7,0,219
8,5,219
9,0,219
0,0,220
1,10,220
2,9,220
3,0,220
4,0,220
5,7,220
6,5,220
7,0,220
8,7,220
9,0,220
0,0,221
1,2,221
2,3,221
3,0,221
4,0,221
5,10,221
6,9,221
7,0,221
8,3,221
9,0,221
0,0,222
1,0,222
2,10,222
3,0,222
4,0,222
5,9,222
6,3,222
7,0,222
8,2,222
9,0,222
0,0,223
1,2,223
2,0,223
3,0,223
4,0,223
5,4,223
6,1,223
7,0,223
8,6,223
9,0,223
0,0,224
1,2,224
2,10,224
3,0,224
4,0,224
5,0,224
6,6,224
7,0,224
8,9,224
9,0,224
0,0,225
1,5,225
2,2,225
3,0,225
4,0,225
5,5,225
6,7,225
7,0,225
8,7,225
9,0,225
0,0,226
1,10,226
2,8,226
3,0,226
4,0,226
5,9,226
6,5,226
7,0,226
8,4,226
9,0,226
0,0,227
1,8,227
2,10,227
3,0,227
4,0,227
5,9,227
6,5,227
7,0,227
8,8,227
9,0,227
0,0,228
1,0,228
2,4,228
3,0,228
4,0,228
5,0,228
6,5,228
7,0,228
8,1,228
9,0,228
0,0,229
1,8,229
2,5,229
3,0,229
4,0,229
5,7,229
6,6,229
7,0,229
8,0,229
9,0,229
0,0,230
1,9,230
2,9,230
3,0,230
4,0,230
5,8,230
6,6,230
7,0,230
8,3,230
9,0,230
0,0,231
1,7,231
2,4,231
3,0,231
4,0,231
5,10,231
6,8,231
7,0,231
8,7,231
9,0,231
0,0,232
1,0,232
2,6,232
3,0,232
4,0,232
5,7,232
6,8,232
7,0,232
8,7,232
9,0,232
0,0,233
1,3,233
2,5,233
3,0,233
4,0,233
5,4,233
6,1,233
7,0,233
8,6,233
9,0,233
0,0,234
1,5,234
2,5,234
3,0,234
4,0,234
5,1,234
6,3,234
7,0,234
8,6,234
9,0,234
0,0,235
1,4,235
2,3,235
3,0,235
4,0,235
5,0,235
6,10,235
7,0,235
8,9,235
9,0,235
0,0,236
1,2,236
2,10,236
3,0,236
4,0,236
5,9,236
6,7,236
7,0,236
8,4,236
9,0,236
0,0,237
1,2,237
2,8,237
3,0,237
4,0,237
5,6,237
6,1,237
7,0,237
8,7,237
9,0,237
0,0,238
1,2,238
2,6,238
3,0,238
4,0,238
5,2,238
6,1,238
7,0,238
8,1,238
9,0,238
0,0,239
1,9,239
2,0,239
3,0,239
4,0,239
5,0,239
6,1,239
7,0,239
8,3,239
9,0,239
0,0,240
1,4,240
2,5,240
3,0,240
4,0,240
5,1,240
6,2,240
7,0,240
8,2,240
9,0,240
0,0,241
1,5,241
2,0,241
3,0,241
4,0,241
5,8,241
6,10,241
7,0,241
8,9,241
9,0,241
0,0,242
1,6,242
2,9,242
3,0,242
4,0,242
5,4,242
6,1,242
7,0,242
8,10,242
9,0,242
0,0,243
1,8,243
2,9,243
3,0,243
4,0,243
5,5,243
6,7,243
7,0,243
8,9,243
9,0,243
0,0,244
1,8,244
2,7,244
3,0,244
4,0,244
5,6,244
6,3,244
7,0,244
8,4,244
9,0,244
0,0,245
1,5,245
2,7,245
3,0,245
4,0,245
5,9,245
6,5,245
7,0,245
8,3,245
9,0,245
0,0,246
1,7,246
2,10,246
3,0,246
4,0,246
5,7,246
6,9,246
7,0,246
8,4,246
9,0,246
0,0,247
1,4,247
2,8,247
3,0,247
4,0,247
5,5,247
6,6,247
7,0,247
8,6,247
9,0,247
0,0,248
1,7,248
2,1,248
3,0,248
4,0,248
5,1,248
6,3,248
7,0,248
8,1,248
9,0,248
0,0,249
1,10,249
2,10,249
3,0,249
4,0,249
5,7,249
6,6,249
7,0,249
8,10,249
9,0,249
0,0,250
1,8,250
2,6,250
3,0,250
4,0,250
5,7,250
6,3,250
7,0,250
8,10,250
9,0,250
0,0,251
1,2,251
2,5,251
3,0,251
4,0,251
5,3,251
6,8,251
7,0,251
8,6,251
9,0,251
0,0,252
1,3,252
2,9,252
3,0,252
4,0,252
5,6,252
6,6,252
7,0,252
8,2,252
9,0,252
0,0,253
1,10,253
2,6,253
3,0,253
4,0,253
5,6,253
6,2,253
7,0,253
8,5,253
9,0,253
0,0,254
1,9,254
2,4,254
3,0,254
4,0,254
5,1,254
6,0,254
7,0,254
8,2,254
9,0,254
0,0,255
1,8,255
2,8,255
3,0,255
4,0,255
5,10,255
6,0,255
7,0,255
8,7,255
9,0,255
0,0,256
1,7,256
2,3,256
3,0,256
4,0,256
5,4,256
6,8,256
7,0,256
8,0,256
9,0,256
0,0,257
1,8,257
2,1,257
3,0,257
4,0,257
5,4,257
6,10,257
7,0,257
8,3,257
9,0,257
0,0,258
1,7,258
2,5,258
3,0,258
4,0,258
5,3,258
6,1,258
7,0,258
8,9,258
9,0,258
0,0,259
1,10,259
2,9,259
3,0,259
4,0,259
5,6,259
6,5,259
7,0,259
8,10,259
9,0,259
0,0,260
1,1,260
2,7,260
3,0,260
4,0,260
5,3,260
6,2,260
7,0,260
8,8,260
9,0,260
0,0,261
1,8,261
2,6,261
3,0,261
4,0,261
5,7,261
6,7,261
7,0,261
8,1,261
9,0,261
0,0,262
1,3,262
2,8,262
3,0,262
4,0,262
5,3,262
6,0,262
7,0,262
8,3,262
9,0,262
0,0,263
1,1,263
2,6,263
3,0,263
4,0,263
5,5,263
6,1,263
7,0,263
8,2,263
9,0,263
0,0,264
1,7,264
2,6,264
3,0,264
4,0,264
5,3,264
6,5,264
7,0,264
8,1,264
9,0,264
0,0,265
1,8,265
2,8,265
3,0,265
4,0,265
5,9,265
6,6,265
7,0,265
8,10,265
9,0,265
0,0,266
1,2,266
2,2,266
3,0,266
4,0,266
5,0,266
6,7,266
7,0,266
8,1,266
9,0,266
0,0,267
1,2,267
2,10,267
3,0,267
4,0,267
5,8,267
6,2,267
7,0,267
8,9,267
9,0,267
0,0,268
1,4,268
2,0,268
3,0,268
4,0,268
5,9,268
6,7,268
7,0,268
8,6,268
9,0,268
0,0,269
1,7,269
2,1,269
3,0,269
4,0,269
5,8,269
6,6,269
7,0,269
8,2,269
9,0,269
0,0,270
1,6,270
2,7,270
3,0,270
4,0,270
5,8,270
6,1,270
7,0,270
8,1,270
9,0,270
0,0,271
1,6,271
2,10,271
3,0,271
4,0,271
5,8,271
6,4,271
7,0,271
8,2,271
9,0,271
0,0,272
1,4,272
2,10,272
3,0,272
4,0,272
5,10,272
6,10,272
7,0,272
8,0,272
9,0,272
0,0,273
1,9,273
2,6,273
3,0,273
4,0,273
5,0,273
6,9,273
7,0,273
8,3,273
9,0,273
0,0,274
1,6,274
2,8,274
3,0,274
4,0,274
5,8,274
6,0,274
7,0,274
8,9,274
9,0,274
0,0,275
1,1,275
2,4,275
3,0,275
4,0,275
5,10,275
6,4,275
7,0,275
8,3,275
9,0,275
0,0,276
1,5,276
2,2,276
3,0,276
4,0,276
5,10,276
6,8,276
7,0,276
8,0,276
9,0,276
0,0,277
1,2,277
2,3,277
3,0,277
4,0,277
5,2,277
6,6,277
7,0,277
8,2,277
9,0,277
0,0,278
1,2,278
2,4,278
3,0,278
4,0,278
5,4,278
6,3,278
7,0,278
8,1,278
9,0,278
0,0,279
1,5,279
2,9,279
3,0,279
4,0,279
5,7,279
6,2,279
7,0,279
8,5,279
9,0,279
0,0,280
1,3,280
2,3,280
3,0,280
4,0,280
5,1,280
6,3,280
7,0,280
8,6,280
9,0,280
0,0,281
1,6,281
2,4,281
3,0,281
4,0,281
5,1,281
6,0,281
7,0,281
8,7,281
9,0,281
0,0,282
1,10,282
2,1,282
3,0,282
4,0,282
5,0,282
6,5,282
7,0,282
8,6,282
9,0,282
0,0,283
1,5,283
2,4,283
3,0,283
4,0,283
5,8,283
6,3,283
7,0,283
8,9,283
9,0,283
0,0,284
1,3,284
2,10,284
3,0,284
4,0,284
5,3,284
6,3,284
7,0,284
8,0,284
9,0,284
0,0,285
1,0,285
2,6,285
3,0,285
4,0,285
5,5,285
6,9,285
7,0,285
8,10,285
9,0,285
0,0,286
1,7,286
2,7,286
3,0,286
4,0,286
5,8,286
6,3,286
7,0,286
8,2,286
9,0,286
0,0,287
1,4,287
2,1,287
3,0,287
4,0,287
5,10,287
6,7,287
7,0,287
8,2,287
9,0,287
0,0,288
1,6,288
2,8,288
3,0,288
4,0,288
5,0,288
6,4,288
7,0,288
8,2,288
9,0,288
0,0,289
1,3,289
2,6,289
3,0,289
4,0,289
5,0,289
6,4,289
7,0,289
8,4,289
9,0,289
0,0,290
1,7,290
2,10,290
3,0,290
4,0,290
5,4,290
6,10,290
7,0,290
8,7,290
9,0,290
0,0,291
1,8,291
2,0,291
3,0,291
4,0,291
5,9,291
6,2,291
7,0,291
8,8,291
9,0,291
0,0,292
1,4,292
2,9,292
3,0,292
4,0,292
5,1,292
6,0,292
7,0,292
8,7,292
9,0,292
0,0,293
1,8,293
2,1,293
3,0,293
4,0,293
5,0,293
6,7,293
7,0,293
8,8,293
9,0,293
0,0,294
1,6,294
2,6,294
3,0,294
4,0,294
5,9,294
6,9,294
7,0,294
8,10,294
9,0,294
0,0,295
1,7,295
2,10,295
3,0,295
4,0,295
5,10,295
6,1,295
7,0,295
8,4,295
9,0,295
0,0,296
1,1,296
2,0,296
3,0,296
4,0,296
5,3,296
6,6,296
7,0,296
8,6,296
9,0,296
0,0,297
1,10,297
2,0,297
3,0,297
4,0,297
5,2,297
6,1,297
7,0,297
8,5,297
9,0,297
0,0,298
1,7,298
2,9,298
3,0,298
4,0,298
5,7,298
6,3,298
7,0,298
8,10,298
9,0,298
0,0,299
1,3,299
2,8,299
3,0,299
4,0,299
5,1,299
6,1,299
7,0,299
8,1,299
9,0,299
0,0,300
1,10,300
2,8,300
3,0,300
4,0,300
5,3,300
6,7,300
7,0,300
8,0,300
9,0,300
0,0,301
1,2,301
2,4,301
3,0,301
4,0,301
5,10,301
6,4,301
7,0,301
8,2,301
9,0,301
0,0,302
1,3,302
2,8,302
3,0,302
4,0,302
5,9,302
6,1,302
7,0,302
8,9,302
9,0,302
0,0,303
1,5,303
2,5,303
3,0,303
4,0,303
5,0,303
6,7,303
7,0,303
8,10,303
9,0,303
0,0,304
1,10,304
2,5,304
3,0,304
4,0,304
5,6,304
6,8,304
7,0,304
8,6,304
9,0,304
0,0,305
1,6,305
2,2,305
3,0,305
4,0,305
5,8,305
6,7,305
7,0,305
8,8,305
9,0,305
0,0,306
1,8,306
2,6,306
3,0,306
4,0,306
5,10,306
6,3,306
7,0,306
8,4,306
9,0,306
0,0,307
1,6,307
2,1,307
3,0,307
4,0,307
5,6,307
6,6,307
7,0,307
8,9,307
9,0,307
0,0,308
1,5,308
2,9,308
3,0,308
4,0,308
5,7,308
6,8,308
7,0,308
8,8,308
9,0,308
0,0,309
1,5,309
2,6,309
3,0,309
4,0,309
5,1,309
6,3,309
7,0,309
8,8,309
9,0,309
0,0,310
1,5,310
2,10,310
3,0,310
4,0,310
5,7,310
6,9,310
7,0,310
8,3,310
9,0,310
0,0,311
1,0,311
2,7,311
3,0,311
4,0,311
5,8,311
6,10,311
7,0,311
8,2,311
9,0,311
0,0,312
1,10,312
2,0,312
3,0,312
4,0,312
5,7,312
6,4,312
7,0,312
8,8,312
9,0,312
0,0,313
1,2,313
2,5,313
3,0,313
4,0,313
5,5,313
6,5,313
7,0,313
8,0,313
9,0,313
0,0,314
1,5,314
2,9,314
3,0,314
4,0,314
5,3,314
6,3,314
7,0,314
8,6,314
9,0,314
0,0,315
1,10,315
2,6,315
3,0,315
4,0,315
5,1,315
6,6,315
7,0,315
8,4,315
9,0,315
0,0,316
1,7,316
2,9,316
3,0,316
4,0,316
5,5,316
6,7,316
7,0,316
8,8,316
9,0,316
0,0,317
1,4,317
2,5,317
3,0,317
4,0,317
5,4,317
6,8,317
7,0,317
8,3,317
9,0,317
0,0,318
1,4,318
2,2,318
3,0,318
4,0,318
5,9,318
6,9,318
7,0,318
8,2,318
9,0,318
0,0,319
1,10,319
2,6,319
3,0,319
4,0,319
5,4,319
6,9,319
7,0,319
8,4,319
9,0,319
0,0,320
1,5,320
2,7,320
3,0,320
4,0,320
5,8,320
6,6,320
7,0,320
8,6,320
9,0,320
0,0,321
1,9,321
2,4,321
3,0,321
4,0,321
5,9,321
6,1,321
7,0,321
8,6,321
9,0,321
0,0,322
1,1,322
2,9,322
3,0,322
4,0,322
5,1,322
6,2,322
7,0,322
8,5,322
9,0,322
0,0,323
1,1,323
2,9,323
3,0,323
4,0,323
5,4,323
6,0,323
7,0,323
8,2,323
9,0,323
0,0,324
1,3,324
2,2,324
3,0,324
4,0,324
5,1,324
6,10,324
7,0,324
8,8,324
9,0,324
0,0,325
1,9,325
2,10,325
3,0,325
4,0,325
5,2,325
6,1,325
7,0,325
8,8,325
9,0,325
0,0,326
1,2,326
2,9,326
3,0,326
4,0,326
5,9,326
6,6,326
7,0,326
8,10,326
9,0,326
0,0,327
1,4,327
2,10,327
3,0,327
4,0,327
5,5,327
6,9,327
7,0,327
8,2,327
9,0,327
0,0,328
1,1,328
2,5,328
3,0,328
4,0,328
5,9,328
6,4,328
7,0,328
8,3,328
9,0,328
0,0,329
1,10,329
2,6,329
3,0,329
4,0,329
5,1,329
6,3,329
7,0,329
8,8,329
9,0,329
0,0,330
1,9,330
2,0,330
3,0,330
4,0,330
5,6,330
6,0,330
7,0,330
8,7,330
9,0,330
0,0,331
1,2,331
2,0,331
3,0,331
4,0,331
5,5,331
6,2,331
7,0,331
8,0,331
9,0,331
0,0,332
1,0,332
2,10,332
3,0,332
4,0,332
5,4,332
6,8,332
7,0,332
8,8,332
9,0,332
0,0,333
1,8,333
2,2,333
3,0,333
4,0,333
5,8,333
6,1,333
7,0,333
8,2,333
9,0,333
0,0,334
1,6,334
2,6,334
3,0,334
4,0,334
5,9,334
6,7,334
7,0,334
8,9,334
9,0,334
0,0,335
1,4,335
2,2,335
3,0,335
4,0,335
5,4,335
6,3,335
7,0,335
8,10,335
9,0,335
0,0,336
1,9,336
2,9,336
3,0,336
4,0,336
5,7,336
6,6,336
7,0,336
8,7,336
9,0,336
0,0,337
1,10,337
2,1,337
3,0,337
4,0,337
5,1,337
6,2,337
7,0,337
8,9,337
9,0,337
0,0,338
1,7,338
2,8,338
3,0,338
4,0,338
5,9,338
6,7,338
7,0,338
8,6,338
9,0,338
0,0,339
1,3,339
2,0,339
3,0,339
4,0,339
5,9,339
6,6,339
7,0,339
8,7,339
9,0,339
0,0,340
1,3,340
2,4,340
3,0,340
4,0,340
5,9,340
6,4,340
7,0,340
8,1,340
9,0,340
0,0,341
1,4,341
2,0,341
3,0,341
4,0,341
5,6,341
6,0,341
7,0,341
8,10,341
9,0,341
0,0,342
1,10,342
2,1,342
3,0,342
4,0,342
5,7,342
6,4,342
7,0,342
8,10,342
9,0,342
0,0,343
1,7,343
2,10,343
3,0,343
4,0,343
5,0,343
6,2,343
7,0,343
8,3,343
9,0,343
0,0,344
1,9,344
2,2,344
3,0,344
4,0,344
5,7,344
6,9,344
7,0,344
8,3,344
9,0,344
0,0,345
1,3,345
2,3,345
3,0,345
4,0,345
5,2,345
6,9,345
7,0,345
8,9,345
9,0,345
0,0,346
1,0,346
2,0,346
3,0,346
4,0,346
5,9,346
6,1,346
7,0,346
8,4,346
9,0,346
0,0,347
1,10,347
2,5,347
3,0,347
4,0,347
5,7,347
6,5,347
7,0,347
8,10,347
9,0,347
0,0,348
1,2,348
2,2,348
3,0,348
4,0,348
5,1,348
6,0,348
7,0,348
8,10,348
9,0,348
0,0,349
1,5,349
2,2,349
3,0,349
4,0,349
5,6,349
6,1,349
7,0,349
8,4,349
9,0,349
0,0,350
1,3,350
2,7,350
3,0,350
4,0,350
5,2,350
6,10,350
7,0,350
8,8,350
9,0,350
0,0,351
1,7,351
2,4,351
3,0,351
4,0,351
5,7,351
6,2,351
7,0,351
8,7,351
9,0,351
0,0,352
1,8,352
2,3,352
3,0,352
4,0,352
5,5,352
6,8,352
7,0,352
8,10,352
9,0,352
0,0,353
1,1,353
2,6,353
3,0,353
4,0,353
5,9,353
6,10,353
7,0,353
8,5,353
9,0,353
0,0,354
1,9,354
2,3,354
3,0,354
4,0,354
5,9,354
6,9,354
7,0,354
8,0,354
9,0,354
0,0,355
1,9,355
2,1,355
3,0,355
4,0,355
5,5,355
6,7,355
7,0,355
8,0,355
9,0,355
0,0,356
1,0,356
2,3,356
3,0,356
4,0,356
5,8,356
6,9,356
7,0,356
8,5,356
9,0,356
0,0,357
1,0,357
2,8,357
3,0,357
4,0,357
5,10,357
6,5,357
7,0,357
8,6,357
9,0,357
0,0,358
1,5,358
2,10,358
3,0,358
4,0,358
5,0,358
6,2,358
7,0,358
8,2,358
9,0,358
0,0,359
1,6,359
2,0,359
3,0,359
4,0,359
5,5,359
6,0,359
7,0,359
8,1,359
9,0,359

